Expected number of votes on Election day: 555124
Senator Lukefahr should campaign in the following states:
2
3
10
19
25
32
37
46
50
60
64
66
73
78
79
88
89
99
103
108
111
119
120
124
138
139
140
142
147
154
156
161
165
167
169
176
187
198
199
205
207
213
221
222
224
235
240
251
253
254
279
286
290
300
312
322
329
332
355
357
388
391
394
399
407
417
423
433
434
436
445
449
472
477
480
488
497
506
508
513
517
527
528
545
548
550
552
560
573
577
591
592
596
599
601
603
604
610
614
623
624
626
631
638
643
652
670
679
691
692
694
708
709
712
716
722
737
763
765
766
770
772
773
776
779
780
794
797
808
809
810
820
822
825
852
860
861
865
876
896
899
910
913
919
920
924
929
931
951
952
960
966
981
986
988
993
994
995
998
1002
1007
1009
1013
1023
1025
1028
1032
1035
1046
1088
1089
1093
1102
1109
1115
1117
1124
1128
1132
1139
1146
1153
1159
1168
1170
1192
1195
1198
1199
1201
1202
1205
1206
1214
1216
1217
1219
1221
1231
1237
1241
1243
1245
1254
1256
1258
1264
1266
1275
1288
1293
1297
1299
1307
1320
1322
1329
1337
1345
1352
1361
1365
1374
1378
1387
1390
1393
1405
1410
1412
1427
1430
1433
1440
1442
1447
1462
1469
1484
1485
1492
1498
1503
1506
1519
1521
1528
1534
1535
1536
1545
1557
1559
1565
1573
1577
1585
1589
1590
1597
1603
1615
1631
1634
1636
1640
1649
1654
1655
1661
1684
1701
1704
1709
1714
1719
1722
1723
1727
1728
1742
1747
1753
1755
1758
1759
1760
1787
1791
1797
1802
1805
1817
1822
1825
1834
1843
1849
1852
1854
1868
1871
1877
1879
1881
1893
1910
1913
1919
1935
1936
1939
1947
1954
1960
1970
1973
1975
1984
1991
1993
1995
1996
2017
2020
2026
2027
2035
2041
2046
2058
2061
2068
2070
2074
2093
2094
2097
2103
2109
2119
2121
2123
2136
2142
2145
2158
2160
2163
2164
2165
2170
2186
2187
2189
2193
2204
2218
2220
2229
2247
2256
2272
2282
2289
2291
2293
2297
2299
2302
2309
2310
2314
2317
2318
2324
2325
2326
2329
2331
2340
2341
2352
2374
2377
2382
2390
2402
2410
2422
2423
2425
2428
2438
2448
2451
2462
2475
2481
2483
2488
2495
2498
2504
2505
2507
2509
2512
2513
2514
2517
2532
2534
2536
2540
2544
2562
2569
2570
2580
2587
2595
2607
2612
2613
2622
2624
2627
2634
2636
2637
2655
2659
2661
2670
2677
2680
2691
2698
2702
2714
2717
2718
2732
2746
2751
2754
2755
2756
2767
2777
2787
2789
2790
2796
2805
2806
2808
2837
2844
2866
2875
2878
2881
2888
2897
2902
2903
2910
2912
2927
2935
2939
2945
2949
2954
2961
2964
2967
2968
2973
2994
2997
3000
3001
3005
3015
3022
3030
3035
3036
3052
3061
3071
3080
3085
3093
3097
3101
3104
3112
3114
3122
3132
3147
3148
3161
3164
3168
3175
3176
3193
3194
3198
3202
3207
3209
3212
3213
3214
3233
3244
3248
3252
3253
3266
3290
3292
3300
3308
3311
3322
3323
3326
3327
3332
3334
3335
3340
3352
3379
3389
3398
3399
3401
3408
3409
3414
3420
3422
3424
3432
3434
3443
3454
3463
3469
3471
3476
3483
3488
3490
3496
3498
3508
3510
3512
3517
3522
3526
3529
3531
3553
3554
3556
3563
3565
3571
3593
3596
3598
3606
3613
3620
3621
3623
3624
3626
3633
3636
3637
3638
3659
3669
3676
3683
3684
3710
3714
3722
3729
3767
3772
3782
3794
3801
3812
3835
3844
3845
3847
3854
3855
3858
3869
3879
3883
3887
3894
3896
3898
3900
3912
3915
3919
3921
3924
3928
3939
3942
3959
3974
3985
3988
3990
3994
4023
4024
4030
4035
4046
4048
4064
4066
4084
4089
4093
4095
4097
4115
4143
4150
4155
4169
4171
4182
4185
4188
4193
4196
4198
4207
4220
4228
4243
4250
4252
4257
4261
4264
4269
4275
4277
4301
4309
4310
4311
4315
4326
4330
4331
4342
4344
4351
4354
4360
4362
4364
4368
4373
4391
4396
4399
4400
4401
4405
4422
4424
4431
4435
4444
4445
4450
4456
4457
4460
4464
4470
4484
4495
4504
4505
4515
4527
4532
4536
4537
4542
4549
4550
4555
4556
4559
4580
4585
4587
4595
4596
4598
4606
4608
4616
4651
4652
4662
4672
4679
4680
4691
4696
4700
4704
4706
4707
4727
4737
4738
4742
4744
4746
4750
4771
4776
4779
4785
4792
4802
4805
4810
4811
4813
4816
4820
4825
4847
4860
4865
4881
4887
4892
4903
4908
4919
4953
4966
4972
4975
4978
4981
4986
4995
4998
4999
5007
5010
5019
5021
5024
5036
5040
5041
5051
5057
5061
5068
5077
5080
5083
5084
5085
5089
5097
5103
5104
5109
5115
5116
5117
5121
5126
5131
5144
5146
5156
5159
5161
5166
5174
5176
5179
5180
5182
5190
5192
5202
5204
5209
5217
5229
5231
5235
5238
5246
5249
5251
5258
5271
5274
5275
5279
5283
5289
5290
5300
5302
5305
5321
5324
5337
5340
5343
5347
5359
5366
5370
5378
5379
5384
5397
5400
5408
5422
5444
5451
5457
5462
5469
5492
5500
5514
5515
5521
5525
5528
5529
5534
5536
5540
5563
5586
5601
5608
5613
5615
5623
5625
5642
5650
5651
5665
5668
5677
5678
5679
5683
5684
5685
5695
5710
5718
5721
5739
5745
5758
5766
5769
5779
5787
5791
5803
5806
5811
5815
5821
5826
5831
5838
5843
5851
5861
5862
5869
5875
5881
5888
5889
5893
5895
5914
5920
5926
5929
5937
5942
5944
5946
5949
5951
5964
5971
5972
5977
5981
5988
6004
6024
6028
6034
6042
6049
6050
6060
6061
6070
6076
6080
6085
6086
6097
6098
6105
6114
6115
6122
6128
6130
6131
6137
6139
6149
6160
6173
6177
6183
6193
6213
6226
6240
6246
6250
6252
6255
6263
6271
6274
6283
6294
6299
6302
6310
6316
6330
6331
6332
6346
6348
6355
6370
6378
6383
6395
6403
6404
6407
6413
6439
6444
6447
6450
6451
6454
6462
6463
6475
6500
6517
6523
6553
6554
6558
6571
6573
6592
6594
6604
6617
6619
6621
6622
6629
6633
6636
6644
6654
6656
6660
6666
6673
6677
6680
6688
6694
6696
6701
6709
6710
6719
6720
6722
6740
6749
6750
6752
6758
6761
6765
6772
6780
6788
6794
6800
6804
6820
6822
6832
6833
6844
6849
6854
6856
6857
6873
6875
6887
6890
6896
6902
6908
6913
6916
6917
6920
6921
6923
6925
6936
6939
6940
6952
6962
6970
6973
6976
6980
6990
6992
7002
7006
7007
7016
7021
7026
7037
7049
7058
7065
7070
7084
7088
7091
7092
7096
7100
7103
7109
7110
7117
7125
7138
7142
7145
7148
7158
7159
7160
7164
7169
7172
7174
7175
7178
7191
7208
7209
7225
7233
7250
7256
7266
7267
7283
7289
7296
7302
7305
7312
7313
7324
7342
7344
7346
7355
7359
7368
7372
7391
7392
7399
7401
7402
7410
7420
7426
7431
7438
7451
7452
7458
7461
7462
7466
7468
7473
7474
7482
7486
7488
7498
7505
7510
7511
7514
7520
7527
7530
7532
7541
7542
7551
7571
7578
7579
7583
7586
7602
7614
7619
7623
7631
7637
7652
7663
7674
7678
7680
7685
7689
7698
7702
7704
7712
7719
7726
7746
7748
7749
7757
7760
7764
7766
7770
7775
7776
7783
7787
7804
7806
7817
7819
7827
7839
7855
7868
7878
7879
7893
7894
7896
7905
7909
7912
7913
7926
7928
7930
7942
7944
7954
7961
7962
7964
7971
7975
7981
7984
7985
7991
7999
8004
8005
8006
8007
8010
8015
8016
8024
8028
8033
8038
8043
8045
8057
8059
8069
8071
8073
8076
8081
8121
8125
8128
8141
8146
8149
8151
8155
8170
8176
8183
8188
8195
8210
8214
8217
8222
8229
8233
8257
8265
8270
8274
8277
8287
8290
8301
8302
8307
8311
8321
8334
8335
8336
8338
8341
8348
8351
8358
8369
8370
8375
8383
8386
8398
8399
8400
8401
8402
8404
8408
8409
8411
8412
8421
8424
8425
8431
8437
8457
8462
8465
8469
8472
8486
8490
8498
8505
8514
8526
8532
8536
8541
8544
8548
8551
8552
8568
8570
8576
8577
8578
8581
8583
8600
8603
8604
8612
8614
8621
8630
8632
8637
8641
8655
8661
8662
8663
8668
8669
8671
8672
8700
8706
8714
8716
8720
8721
8727
8733
8734
8743
8746
8749
8753
8774
8779
8782
8785
8788
8794
8795
8797
8806
8813
8821
8824
8827
8829
8835
8839
8840
8842
8843
8844
8846
8848
8858
8860
8861
8863
8869
8870
8879
8882
8887
8888
8901
8911
8914
8923
8927
8931
8937
8967
8971
8976
8979
8997
9000
9001
9021
9024
9025
9042
9043
9047
9052
9059
9075
9084
9089
9091
9095
9097
9105
9116
9123
9134
9151
9158
9167
9174
9181
9185
9189
9191
9210
9218
9221
9225
9226
9227
9230
9235
9236
9239
9242
9247
9249
9254
9265
9267
9278
9293
9304
9306
9307
9310
9311
9318
9320
9321
9324
9325
9327
9328
9331
9370
9376
9383
9384
9390
9393
9394
9401
9402
9407
9412
9419
9440
9444
9460
9462
9463
9469
9486
9493
9498
9513
9514
9519
9534
9543
9546
9551
9555
9579
9586
9590
9603
9611
9616
9624
9633
9639
9641
9650
9652
9653
9656
9667
9680
9690
9695
9696
9698
9700
9703
9705
9708
9713
9716
9718
9719
9720
9721
9724
9726
9735
9745
9750
9753
9759
9764
9765
9815
9817
9821
9826
9830
9841
9842
9845
9848
9852
9854
9855
9862
9867
9869
9896
9920
9921
9929
9931
9932
9936
9948
9957
9969
9985
9986
9988
9998
10000
10003
10010
10024
10039
10046
10047
10051
10054
10058
10061
10064
10069
10082
10087
10095
10096
10098
10101
10113
10128
10142
10143
10145
10151
10153
10155
10159
10166
10192
10193
10198
10200
10203
10212
10214
10226
10266
10271
10274
10292
10293
10302
10306
10322
10327
10329
10340
10341
10342
10358
10359
10391
10408
10420
10437
10456
10462
10467
10470
10471
10482
10483
10489
10493
10501
10504
10514
10516
10520
10527
10529
10530
10532
10535
10539
10545
10546
10547
10559
10568
10570
10572
10578
10587
10596
10599
10600
10604
10606
10626
10628
10631
10638
10640
10645
10649
10656
10661
10663
10666
10667
10670
10672
10679
10682
10683
10687
10688
10691
10694
10696
10698
10699
10722
10723
10724
10726
10734
10741
10747
10750
10752
10760
10761
10771
10781
10783
10785
10792
10801
10810
10815
10825
10836
10837
10840
10842
10845
10848
10849
10852
10857
10871
10876
10885
10888
10898
10905
10906
10913
10915
10916
10918
10926
10937
10945
10946
10947
10953
10959
10960
10964
10965
10972
10975
10977
10979
10986
11001
11008
11010
11013
11020
11029
11035
11036
11041
11049
11051
11052
11059
11072
11075
11076
11097
11101
11106
11116
11126
11131
11137
11138
11148
11151
11161
11162
11163
11164
11170
11172
11173
11175
11177
11178
11179
11182
11185
11195
11200
11204
11205
11225
11243
11254
11255
11269
11270
11271
11277
11281
11302
11306
11313
11318
11320
11323
11327
11335
11339
11342
11347
11351
11353
11355
11358
11367
11368
11370
11375
11379
11392
11393
11394
11398
11399
11410
11415
11424
11428
11431
11436
11438
11444
11450
11476
11494
11497
11498
11503
11505
11522
11523
11529
11536
11542
11555
11573
11575
11581
11589
11601
11606
11607
11633
11649
11651
11665
11667
11685
11686
11688
11689
11690
11696
11697
11703
11715
11717
11720
11723
11726
11730
11737
11738
11740
11743
11752
11755
11756
11758
11763
11764
11766
11776
11778
11780
11787
11790
11796
11797
11799
11800
11801
11803
11814
11822
11829
11830
11831
11835
11838
11850
11852
11858
11860
11863
11865
11874
11875
11883
11886
11887
11888
11890
11892
11894
11899
11901
11907
11919
11922
11932
11948
11954
11955
11960
11964
11977
11978
11980
11982
11984
11987
11988
11989
11992
12010
12020
12034
12035
12041
12050
12065
12071
12076
12079
12102
12104
12109
12132
12135
12137
12146
12155
12158
12161
12168
12172
12180
12187
12195
12205
12210
12221
12225
12229
12232
12233
12253
12255
12262
12268
12283
12287
12293
12294
12305
12313
12322
12332
12337
12361
12362
12363
12366
12372
12373
12380
12382
12384
12386
12387
12398
12399
12404
12410
12429
12434
12436
12438
12441
12454
12464
12481
12482
12493
12494
12495
12504
12512
12525
12532
12534
12535
12547
12579
12581
12596
12622
12623
12631
12635
12641
12653
12660
12662
12669
12678
12680
12685
12689
12698
12707
12735
12744
12745
12748
12761
12764
12766
12770
12771
12791
12805
12807
12813
12817
12822
12837
12839
12844
12857
12859
12864
12865
12871
12875
12888
12896
12900
12915
12916
12920
12924
12927
12939
12951
12953
12959
12960
12963
12967
12969
12972
12978
12986
12997
12999
13000
13003
13005
13007
13014
13027
13033
13035
13046
13064
13084
13086
13088
13106
13112
13117
13121
13126
13133
13135
13136
13155
13164
13175
13192
13204
13213
13216
13219
13222
13224
13228
13231
13241
13244
13260
13261
13268
13269
13280
13282
13292
13296
13297
13313
13323
13324
13325
13327
13346
13351
13366
13368
13376
13386
13398
13407
13414
13416
13418
13425
13439
13455
13460
13462
13467
13476
13489
13491
13496
13509
13511
13519
13524
13526
13528
13532
13533
13534
13539
13541
13546
13550
13558
13580
13587
13590
13595
13597
13600
13608
13620
13621
13632
13638
13659
13660
13667
13678
13684
13685
13695
13697
13701
13704
13725
13729
13741
13746
13748
13755
13758
13791
13795
13801
13818
13821
13840
13841
13861
13865
13867
13869
13872
13876
13879
13884
13892
13893
13894
13901
13905
13925
13933
13940
13941
13944
13945
13946
13950
13958
13964
13966
13973
13975
13976
13978
13981
14004
14011
14015
14018
14022
14032
14040
14042
14061
14081
14088
14091
14094
14096
14100
14105
14113
14117
14120
14129
14130
14149
14151
14161
14170
14171
14177
14183
14212
14214
14219
14226
14228
14230
14242
14266
14267
14277
14280
14281
14294
14297
14300
14303
14313
14314
14315
14316
14323
14327
14330
14333
14334
14336
14337
14348
14354
14355
14358
14360
14361
14369
14375
14382
14384
14388
14389
14391
14394
14404
14405
14411
14416
14446
14448
14451
14460
14463
14466
14469
14479
14491
14492
14493
14495
14498
14505
14521
14523
14524
14535
14536
14554
14560
14564
14571
14578
14587
14590
14596
14616
14622
14623
14624
14625
14627
14630
14644
14648
14658
14666
14667
14669
14676
14690
14695
14698
14702
14713
14717
14718
14719
14728
14734
14739
14740
14749
14754
14755
14760
14763
14764
14765
14771
14778
14780
14782
14805
14813
14826
14829
14831
14833
14847
14849
14858
14860
14864
14865
14876
14880
14885
14889
14892
14899
14905
14910
14915
14918
14924
14926
14927
14928
14933
14944
14950
14963
14964
14966
15000
15021
15022
15030
15034
15038
15041
15059
15060
15067
15069
15072
15082
15084
15088
15106
15112
15122
15128
15134
15145
15151
15153
15155
15158
15159
15162
15168
15175
15195
15202
15209
15232
15238
15241
15249
15260
15263
15267
15274
15275
15279
15287
15290
15293
15302
15305
15313
15314
15323
15325
15328
15329
15330
15331
15332
15355
15360
15369
15372
15384
15390
15394
15400
15402
15416
15417
15436
15446
15449
15451
15459
15468
15469
15470
15474
15492
15494
15511
15514
15518
15523
15524
15530
15531
15533
15535
15537
15539
15549
15557
15559
15561
15562
15563
15567
15571
15582
15590
15592
15594
15595
15606
15611
15617
15628
15630
15635
15642
15653
15664
15665
15672
15676
15683
15692
15698
15739
15743
15745
15760
15763
15780
15792
15803
15806
15822
15827
15832
15833
15834
15836
15848
15861
15866
15871
15877
15882
15891
15895
15898
15904
15909
15930
15932
15939
15949
15953
15959
15960
15983
15984
15992
16045
16048
16055
16059
16069
16072
16074
16076
16081
16091
16118
16137
16154
16161
16165
16167
16178
16182
16186
16211
16216
16218
16221
16227
16236
16240
16244
16253
16277
16295
16297
16304
16310
16319
16321
16322
16329
16331
16333
16335
16337
16341
16351
16356
16358
16359
16363
16365
16375
16388
16399
16400
16407
16408
16410
16413
16417
16426
16431
16433
16435
16439
16446
16455
16457
16459
16470
16472
16473
16478
16482
16500
16515
16535
16539
16540
16546
16554
16557
16570
16574
16576
16584
16585
16588
16592
16596
16599
16610
16613
16615
16616
16626
16627
16629
16631
16632
16638
16649
16653
16654
16655
16657
16658
16660
16666
16671
16677
16682
16694
16701
16712
16713
16721
16734
16741
16755
16773
16774
16780
16781
16794
16795
16805
16812
16820
16827
16828
16838
16843
16846
16851
16857
16859
16861
16869
16882
16883
16886
16887
16894
16898
16917
16921
16936
16937
16951
16958
16961
16970
16972
16977
16984
17011
17012
17013
17014
17017
17024
17026
17036
17037
17039
17045
17048
17053
17054
17056
17066
17070
17075
17077
17084
17085
17087
17089
17092
17110
17115
17128
17146
17159
17161
17162
17163
17168
17173
17192
17195
17222
17248
17249
17251
17258
17259
17273
17280
17282
17292
17301
17309
17318
17328
17332
17345
17355
17357
17371
17375
17380
17382
17388
17393
17398
17399
17407
17410
17412
17413
17415
17419
17422
17423
17432
17440
17457
17465
17469
17473
17485
17486
17494
17497
17500
17525
17529
17533
17540
17541
17542
17548
17560
17561
17574
17579
17588
17603
17606
17613
17616
17617
17622
17626
17632
17633
17638
17640
17646
17651
17661
17689
17692
17703
17704
17707
17710
17713
17725
17727
17730
17733
17746
17752
17756
17778
17790
17802
17821
17823
17828
17841
17842
17846
17848
17853
17855
17863
17865
17874
17879
17882
17891
17898
17903
17904
17914
17919
17920
17921
17934
17940
17951
17953
17956
17961
17973
17981
18000
18008
18018
18019
18021
18024
18027
18033
18036
18041
18043
18046
18047
18049
18054
18056
18057
18071
18079
18080
18081
18089
18093
18149
18150
18165
18167
18168
18177
18182
18184
18186
18195
18196
18198
18199
18211
18221
18228
18237
18238
18243
18248
18258
18265
18283
18289
18304
18307
18330
18335
18336
18340
18343
18355
18357
18365
18376
18383
18385
18389
18391
18406
18423
18431
18434
18441
18450
18453
18460
18461
18470
18475
18478
18481
18483
18490
18492
18496
18508
18515
18521
18522
18524
18532
18534
18536
18539
18557
18558
18563
18567
18573
18574
18576
18584
18588
18596
18599
18601
18607
18614
18615
18617
18623
18631
18632
18641
18642
18647
18648
18650
18659
18661
18664
18671
18673
18681
18685
18688
18692
18695
18711
18713
18717
18733
18744
18747
18760
18764
18767
18770
18777
18789
18792
18796
18804
18807
18811
18813
18815
18817
18819
18823
18828
18837
18845
18850
18855
18858
18860
18865
18881
18884
18894
18899
18901
18904
18905
18909
18910
18917
18924
18929
18930
18933
18934
18937
18944
18945
18946
18949
18956
18966
18973
18975
18978
18980
18983
18985
18987
18988
18991
18993
18995
18997
19001
19009
19012
19013
19017
19021
19024
19028
19030
19031
19037
19043
19058
19066
19070
19075
19077
19078
19091
19094
19102
19104
19115
19120
19133
19134
19145
19146
19147
19156
19164
19173
19186
19192
19193
19198
19207
19209
19212
19222
19241
19250
19254
19272
19295
19302
19306
19307
19318
19323
19341
19350
19352
19358
19364
19368
19369
19376
19381
19393
19395
19396
19400
19404
19414
19421
19438
19448
19454
19467
19483
19485
19487
19488
19499
19504
19506
19507
19509
19510
19513
19518
19524
19563
19568
19573
19576
19578
19589
19621
19623
19625
19628
19637
19641
19649
19653
19654
19659
19664
19672
19675
19701
19702
19720
19722
19725
19744
19746
19748
19749
19752
19754
19757
19763
19767
19774
19777
19792
19793
19795
19797
19803
19816
19817
19818
19819
19820
19826
19831
19850
19854
19860
19862
19870
19873
19881
19892
19895
19897
19903
19906
19917
19922
19925
19931
19933
19940
19942
19946
19974
19978
